id,F1,F2,F3,F4,F5,F6,F7,F8,F9,F10,F11,F12,F13,F14,F15,F16,F17,F18,F19,F20,F21,F22,F23,F24,F25,F26,F27,F28
HOBBIES_1_001_CA_1_validation,0,0,0,0,0,0,0,0,0,0,0,0,0,0,0,0,0,0,0,0,0,0,0,0,0,0,0,0
HOBBIES_1_002_CA_1_validation,0,0,0,0,0,0,0,0,0,0,0,0,0,0,0,0,0,0,0,0,0,0,0,0,0,0,0,0
HOBBIES_1_003_CA_1_validation,0,0,0,0,0,0,0,0,0,0,0,0,0,0,0,0,0,0,0,0,0,0,0,0,0,0,0,0
HOBBIES_1_004_CA_1_validation,0,0,0,0,0,0,0,0,0,0,0,0,0,0,0,0,0,0,0,0,0,0,0,0,0,0,0,0
HOBBIES_1_005_CA_1_validation,0,0,0,0,0,0,0,0,0,0,0,0,0,0,0,0,0,0,0,0,0,0,0,0,0,0,0,0
HOBBIES_1_006_CA_1_validation,0,0,0,0,0,0,0,0,0,0,0,0,0,0,0,0,0,0,0,0,0,0,0,0,0,0,0,0
HOBBIES_1_007_CA_1_validation,0,0,0,0,0,0,0,0,0,0,0,0,0,0,0,0,0,0,0,0,0,0,0,0,0,0,0,0
HOBBIES_1_008_CA_1_validation,0,0,0,0,0,0,0,0,0,0,0,0,0,0,0,0,0,0,0,0,0,0,0,0,0,0,0,0
HOBBIES_1_009_CA_1_validation,0,0,0,0,0,0,0,0,0,0,0,0,0,0,0,0,0,0,0,0,0,0,0,0,0,0,0,0
HOBBIES_1_010_CA_1_validation,0,0,0,0,0,0,0,0,0,0,0,0,0,0,0,0,0,0,0,0,0,0,0,0,0,0,0,0
HOBBIES_1_011_CA_1_validation,0,0,0,0,0,0,0,0,0,0,0,0,0,0,0,0,0,0,0,0,0,0,0,0,0,0,0,0
HOBBIES_1_012_CA_1_validation,0,0,0,0,0,0,0,0,0,0,0,0,0,0,0,0,0,0,0,0,0,0,0,0,0,0,0,0
HOBBIES_1_013_CA_1_validation,0,0,0,0,0,0,0,0,0,0,0,0,0,0,0,0,0,0,0,0,0,0,0,0,0,0,0,0
...
FOODS_1_158_CA_2_evaluation,0,0,0,0,0,0,0,0,0,0,0,0,0,0,0,0,0,0,0,0,0,0,0,0,0,0,0,0
FOODS_1_159_CA_2_evaluation,0,0,0,0,0,0,0,0,0,0,0,0,0,0,0,0,0,0,0,0,0,0,0,0,0,0,0,0
FOODS_1_160_CA_2_evaluation,0,0,0,0,0,0,0,0,0,0,0,0,0,0,0,0,0,0,0,0,0,0,0,0,0,0,0,0
FOODS_1_161_CA_2_evaluation,0,0,0,0,0,0,0,0,0,0,0,0,0,0,0,0,0,0,0,0,0,0,0,0,0,0,0,0
FOODS_1_162_CA_2_evaluation,0,0,0,0,0,0,0,0,0,0,0,0,0,0,0,0,0,0,0,0,0,0,0,0,0,0,0,0
FOODS_1_163_CA_2_evaluation,0,0,0,0,0,0,0,0,0,0,0,0,0,0,0,0,0,0,0,0,0,0,0,0,0,0,0,0
FOODS_1_164_CA_2_evaluation,0,0,0,0,0,0,0,0,0,0,0,0,0,0,0,0,0,0,0,0,0,0,0,0,0,0,0,0
FOODS_1_166_CA_2_evaluation,0,0,0,0,0,0,0,0,0,0,0,0,0,0,0,0,0,0,0,0,0,0,0,0,0,0,0,0
FOODS_1_167_CA_2_evaluation,0,0,0,0,0,0,0,0,0,0,0,0,0,0,0,0,0,0,0,0,0,0,0,0,0,0,0,0
FOODS_1_168_CA_2_evaluation,0,0,0,0,0,0,0,0,0,0,0,0,0,0,0,0,0,0,0,0,0,0,0,0,0,0,0,0
FOODS_1_169_CA_2_evaluation,0,0,0,0,0,0,0,0,0,0,0,0,0,0,0,0,0,0,0,0,0,0,0,0,0,0,0,0
FOODS_1_170_CA_2_evaluation,0,0,0,0,0,0,0,0,0,0,0,0,0,0,0,0,0,0,0,0,0,0,0,0,0,0,0,0
FOODS_1_171_CA_2_evaluation,0,0,0,0,0,0,0,0,0,0,0,0,0,0,0,0,0,0,0,0,0,0,0,0,0,0,0,0
FOODS_1_172_CA_2_evaluation,0,0,0,0,0,0,0,0,0,0,0,0,0,0,0,0,0,0,0,0,0,0,0,0,0,0,0,0
FOODS_1_173_CA_2_evaluation,0,0,0,0,0,0,0,0,0,0,0,0,0,0,0,0,0,0,0,0,0,0,0,0,0,0,0,0

id = product_id _ store_id _ [validation | evaluation]

Columns;    'dn' : 1 - 56
            'item_id' : HOBBIES_1_001, FOOD_1_003, ...  
            'store_id' : CA_1, TX_1, TX_2, ...
            'prediction' : int 0 - ca. 100

testval = [
    [1, 'HOBBIES_1_001', 'CA_1', 2]
    [1, 'HOBBIES_1_001', 'CA_2', 0]
    [1, 'HOBBIES_1_001', 'TX_1', 2]
    [1, 'HOBBIES_1_002', 'CA_1', 2]
    [1, 'HOBBIES_1_002', 'CA_2', 0]
    [1, 'HOBBIES_1_002', 'TX_1', 2]
    [2, 'HOBBIES_1_001', 'CA_1', 2]
    [2, 'HOBBIES_1_001', 'CA_2', 0]
    [2, 'HOBBIES_1_001', 'TX_1', 2]
    [2, 'HOBBIES_1_001', 'TX_2', 1]
    [2, 'HOBBIES_1_002', 'CA_1', 0]
    [2, 'HOBBIES_1_002', 'CA_2', 0]
    [2, 'HOBBIES_1_002', 'TX_1', 2]
    [3, 'HOBBIES_1_001', 'CA_1', 2]
    [3, 'HOBBIES_1_001', 'CA_2', 0]
    [3, 'HOBBIES_1_001', 'TX_1', 2]
    [3, 'HOBBIES_1_002', 'CA_1', 2]
    [3, 'HOBBIES_1_002', 'CA_2', 0]
    [3, 'HOBBIES_1_002', 'TX_1', 2]
    [4, 'HOBBIES_1_001', 'CA_1', 2]
    [4, 'HOBBIES_1_001', 'CA_2', 0]
    [4, 'HOBBIES_1_001', 'TX_1', 2]
    [4, 'HOBBIES_1_001', 'TX_2', 1]
    [4, 'HOBBIES_1_002', 'CA_1', 0]
    [4, 'HOBBIES_1_002', 'CA_2', 0]
    [4, 'HOBBIES_1_002', 'TX_1', 2]
]

+-----------------------------------------------------------+
|model                                |mse       |state     |
|-------------------------------------+----------+----------|
|glr poisson identity                 |    3.9764|OK        |
|glr gaussian identity                |    3.1280|OK        |
|glr poisson log                      |    3.7452|OK        |
+-----------------------------------------------------------+
